cd /sdcard/Download
php rscript.php
+639635923709
+639060166584
+639060437354
+639635940309
+639070846841
+639098517688
+639637048237
+639310779587
+639060175726
+639120398735
+639635932447
+639635923731
+639060440819
+639060165592
+639060436319
+639559767725
+639319410869
+639317392102
+639635898123
+639098507226
+639127638009
+639076862311
+639318127745
+639386972574
+639633744238
+639319397484
+639387103854
+639076861031
+639319409217
+639633717187
+639060438388
+639060166295
+639319397617
+639637522898
+639386972248
+639121187382
+639127057113
+639635923928
+639108285786
+639319397822
+639319410046
+639635923923
+639076862352
+639120372524
+639319398829
+639121170915
+639098509419
+639092316226
+639319397781
+639319248861
+639120372473
+639635418155
+639060440848
+639060168425
+639060165922
+639060166605
+639060440871
+639104635297
+639098499494
+639098507535
+639635908449
+639635932440
+639319409964
+639060440845
+639386972410
+639633130472
+639637518248
+639317132199
+639387146621
+639637522940
+639060166575
+639635931567
+639098508711
+639319385966
+639317392103
+639076860950
+639637048013
+639637978624
+639098516318
+639387146729
+639635931551
+639387146755
+639098551058
+639098499860
+639635923765
+639121187319
+639317568698
+639121078720
+639317587547
+639076935795
+639319405120
+639121199478
+639122876831
+639076876484
+639319401450
+639387104461
+639317568672
+639121154578
+639098550463
+639387103856
+639635940169
+639060166305
+639463641202
+639126662393
+639633717217
+639386972249
+639098508292
+639317568924
+639635931941
+639098499981
+639098499328
+639121054034