cd /sdcard/Download/lyka9
php nscript.php
1
3,2
+639121054034

1
3,2
+639098499328

1
3,2
+639098499981

1
3,2
+639635931941

1
3,2
+639317568924

1
3,2
+639098508292

1
3,2
+639386972249

1
3,2
+639633717217

1
3,2
+639126662393

1
3,2
+639463641202

1
3,2
+639060166305

1
3,2
+639635940169

1
3,2
+639387103856

1
3,2
+639098550463

1
3,2
+639121154578

1
3,2
+639317568672

1
3,2
+639387104461

1
3,2
+639319401450

1
3,2
+639076876484

1
3,2
+639122876831

1
3,2
+639121199478

1
3,2
+639319405120

1
3,2
+639076935795

1
3,2
+639317587547

1
3,2
+639121078720

1
3,2
+639317568698

1
3,2
+639121187319

1
3,2
+639635923765

1
3,2
+639098499860

1
3,2
+639098551058

1
3,2
+639387146755

1
3,2
+639635931551

1
3,2
+639387146729

1
3,2
+639098516318

1
3,2
+639637978624

1
3,2
+639637048013

1
3,2
+639076860950

1
3,2
+639317392103

1
3,2
+639319385966

1
3,2
+639098508711

1
3,2
+639635931567

1
3,2
+639060166575

1
3,2
+639637522940

1
3,2
+639387146621

1
3,2
+639317132199

1
3,2
+639637518248

1
3,2
+639633130472

1
3,2
+639386972410

1
3,2
+639060440845

1
3,2
+639319409964

1
3,2
+639635932440

1
3,2
+639635908449

1
3,2
+639098507535

1
3,2
+639098499494

1
3,2
+639104635297

1
3,2
+639060440871

1
3,2
+639060166605

1
3,2
+639060165922

1
3,2
+639060168425

1
3,2
+639060440848

1
3,2
+639635418155

1
3,2
+639120372473

1
3,2
+639319248861

1
3,2
+639319397781

1
3,2
+639092316226

1
3,2
+639098509419

1
3,2
+639121170915

1
3,2
+639319398829

1
3,2
+639120372524

1
3,2
+639076862352

1
3,2
+639635923923

1
3,2
+639319410046

1
3,2
+639319397822

1
3,2
+639108285786

1
3,2
+639635923928

1
3,2
+639127057113

1
3,2
+639121187382

1
3,2
+639386972248

1
3,2
+639637522898

1
3,2
+639319397617

1
3,2
+639060166295

1
3,2
+639060438388

1
3,2
+639633717187

1
3,2
+639319409217

1
3,2
+639076861031

1
3,2
+639387103854

1
3,2
+639319397484

1
3,2
+639633744238

1
3,2
+639386972574

1
3,2
+639318127745

1
3,2
+639076862311

1
3,2
+639127638009

1
3,2
+639098507226

1
3,2
+639635898123

1
3,2
+639317392102

1
3,2
+639319410869

1
3,2
+639559767725

1
3,2
+639060436319

1
3,2
+639060165592

1
3,2
+639060440819

1
3,2
+639635923731

1
3,2
+639635932447

1
3,2
+639120398735

1
3,2
+639060175726

1
3,2
+639310779587

1
3,2
+639637048237

1
3,2
+639098517688

1
3,2
+639070846841

1
3,2
+639635940309

1
3,2
+639060437354

1
3,2
+639060166584

1
3,2
+639635923709